
=============================================================================================================================
                                                               Dependent variable:                                           
                    ---------------------------------------------------------------------------------------------------------
                              FL                                  VF                                 FF                      
                              OLS           coefficient           OLS           coefficient          OLS          coefficient
                                               test                                test                              test    
                              (1)               (2)               (3)               (4)              (5)              (6)    
-----------------------------------------------------------------------------------------------------------------------------
FL                                                              -0.008            -0.008            0.014            0.014   
                                                                (0.008)           (0.009)          (0.009)          (0.010)  
                                                                                                                             
CR                         0.219***          0.219***           -0.006            -0.006          0.026***          0.026**  
                            (0.073)           (0.082)           (0.009)           (0.010)          (0.010)          (0.010)  
                                                                                                                             
CP                          0.860*            0.860*           -0.276***         -0.276***          0.094            0.094   
                            (0.456)           (0.475)           (0.058)           (0.061)          (0.063)          (0.064)  
                                                                                                                             
Female                     -0.431**          -0.431**            0.024             0.024           -0.028           -0.028   
                            (0.198)           (0.198)           (0.025)           (0.026)          (0.027)          (0.028)  
                                                                                                                             
NonBinary                   -0.681            -0.681            -0.055            -0.055            0.122            0.122   
                            (0.736)           (1.155)           (0.093)           (0.110)          (0.101)          (0.111)  
                                                                                                                             
Black                      -0.599**          -0.599**            0.049             0.049           -0.032           -0.032   
                            (0.276)           (0.284)           (0.035)           (0.041)          (0.038)          (0.038)  
                                                                                                                             
Yellow                      -0.250            -0.250             0.115             0.115           -0.107           -0.107   
                            (0.713)           (0.900)           (0.090)           (0.146)          (0.097)          (0.080)  
                                                                                                                             
Brown                       -0.262            -0.262            -0.012            -0.012           -0.004           -0.004   
                            (0.220)           (0.235)           (0.028)           (0.029)          (0.030)          (0.033)  
                                                                                                                             
Indigenous                  -1.811*           -1.811             0.067             0.067            0.065            0.065   
                            (1.094)           (1.476)           (0.139)           (0.164)          (0.150)          (0.055)  
                                                                                                                             
Young                       -0.073            -0.073            -0.042            -0.042          -0.071**         -0.071**  
                            (0.243)           (0.231)           (0.031)           (0.035)          (0.033)          (0.035)  
                                                                                                                             
Old                         -0.619*           -0.619*           -0.077*           -0.077*          -0.035           -0.035   
                            (0.332)           (0.325)           (0.042)           (0.044)          (0.046)          (0.053)  
                                                                                                                             
Low_income                  -0.214            -0.214             0.045             0.045            0.027            0.027   
                            (0.247)           (0.245)           (0.031)           (0.034)          (0.034)          (0.034)  
                                                                                                                             
High_income                 1.279**           1.279**           -0.047            -0.047            0.024            0.024   
                            (0.505)           (0.627)           (0.065)           (0.051)          (0.070)          (0.083)  
                                                                                                                             
loss_aversion               -0.035            -0.035            -0.037            -0.037           -0.017           -0.017   
                            (0.200)           (0.221)           (0.025)           (0.026)          (0.027)          (0.027)  
                                                                                                                             
gestao                       0.307             0.307             0.009             0.009           -0.031           -0.031   
                            (0.211)           (0.211)           (0.027)           (0.027)          (0.029)          (0.029)  
                                                                                                                             
myopic                       0.179             0.179            -0.014            -0.014           -0.002           -0.002   
                            (0.233)           (0.232)           (0.029)           (0.028)          (0.032)          (0.032)  
                                                                                                                             
discount                   -0.480**           -0.480*            0.017             0.017            0.018            0.018   
                            (0.240)           (0.254)           (0.031)           (0.031)          (0.033)          (0.034)  
                                                                                                                             
herding                      0.155             0.155             0.048             0.048            0.011            0.011   
                            (0.272)           (0.257)           (0.034)           (0.040)          (0.037)          (0.043)  
                                                                                                                             
Constant                   3.381***          3.381***          0.448***          0.448***         0.274***         0.274***  
                            (0.327)           (0.360)           (0.050)           (0.059)          (0.054)          (0.059)  
                                                                                                                             
-----------------------------------------------------------------------------------------------------------------------------
Observations                  252                                 252                                252                     
R2                           0.206                               0.203                              0.107                    
Adjusted R2                  0.148                               0.142                              0.038                    
Residual Std. Error    1.485 (df = 234)                    0.188 (df = 233)                   0.203 (df = 233)               
F Statistic         3.569*** (df = 17; 234)             3.305*** (df = 18; 233)             1.544* (df = 18; 233)            
=============================================================================================================================
Note:                                                                                             *p<0.1; **p<0.05; ***p<0.01
